0.000164149 
5.60803e-05 
5.21728e-05 
6.94046e-05 
5.66127e-05 
5.08035e-05 
0.000120917 
0.000149459 
0.000145661 
8.59593e-05 
3.00666e-05 
6.0075e-05 
7.22496e-05 
7.07107e-05 
1.60312e-05 
3.7e-05 
1.74642e-05 
1.61555e-05 
3.48281e-05 
9.35575e-05 
9.86154e-05 
7.65768e-05 
4.77074e-05 
5.19711e-05 
6.07289e-05 
7.03847e-05 
3.70135e-05 
1.31529e-05 
8.06226e-06 
7.94796e-05 
0.000139205 
0.000132019 
0.000110454 
5.67274e-05 
1.90263e-05 
4.40114e-05 
7.41485e-05 
5.94054e-05 
7.08308e-05 
5.42033e-05 
5.02892e-05 
4.39318e-05 
5.47449e-05 
8.40536e-05 
8.70057e-05 
8.4e-05 
1.44222e-05 
1.98494e-05 
2.86007e-05 
2.78029e-05 
7.3171e-05 
0.000105603 
0.00010102 
8.68332e-05 
8.20975e-05 
7.96304e-05 
9.46414e-05 
6.31269e-05 
2.82312e-05 
4.07185e-05 
3.98497e-05 
3.38378e-05 
7.78781e-05 
0.000133135 
0.000138539 
9.24175e-05 
5.68595e-05 
5.3e-05 
5.81808e-05 
4.90306e-05 
3.17805e-05 
2.54951e-05 
2.54951e-05 
3.42053e-05 
8.45044e-05 
0.000134529 
0.000158256 
0.000138773 
0.000120917 
6.48151e-05 
4.04969e-05 
6.04649e-05 
6.00333e-05 
5.4231e-05 
2.9e-05 
1.23693e-05 
3.66742e-05 
8.18352e-05 
0.000130698 
0.000171511 
0.000121248 
3.22025e-05 
4.29418e-05 
9.16624e-05 
9.33809e-05 
6.80661e-05 
4.60977e-05 
2.43516e-05 
1.3e-05 
9.16079e-05 
0.000164502 
0.000191565 
0.000161474 
0.000132774 
8.27345e-05 
5.80775e-05 
0.00012657 
5.14198e-05 
5.57136e-05 
6.54905e-05 
7.74661e-05 
9.52733e-05 
0.000104738 
0.000110114 
0.000111072 
7.46324e-05 
5.52178e-05 
7.33348e-05 
7.4027e-05 
6.12944e-05 
4.17852e-05 
3.28024e-05 
6.96419e-05 
8.00562e-05 
0.000107517 
0.000117004 
7.93095e-05 
2.72947e-05 
1.66433e-05 
4.11096e-05 
5.59017e-05 
3.7e-05 
0.000117154 
0.000130115 
9.73088e-05 
4.88467e-05 
3.81182e-05 
2.7074e-05 
7.3736e-05 
0.000137102 
0.000141057 
6.02993e-05 
7.28011e-06 
2.69258e-05 
4.47772e-05 
2.19317e-05 
6.76831e-05 
0.000115169 
8.91572e-05 
3.10644e-05 
4.17253e-05 
6.67083e-05 
7.13092e-05 
3.94462e-05 
3.73363e-05 
4.19762e-05 
9.61353e-05 
9.79847e-05 
9.00278e-05 
6.59697e-05 
3.21403e-05 
2.75136e-05 
4.80104e-05 
6.93542e-05 
6.44438e-05 
4.47772e-05 
1.52315e-05 
8.48528e-06 
1.44222e-05 
4.61736e-05 
0.00011887 
0.0001303 
0.000102343 
7.72334e-05 
4.97695e-05 
4.20476e-05 
4.51774e-05 
4.94773e-05 
0.000122711 
0.000127945 
3.03645e-05 
1.80278e-05 
2.7e-05 
4.17732e-05 
6.81175e-05 
8.80738e-05 
6.67083e-05 
4.94065e-05 
4.34166e-05 
6.87095e-05 
9.45569e-05 
7.55844e-05 
3.31361e-05 
4.46878e-05 
6.4405e-05 
7.78781e-05 
6.40078e-05 
6.2482e-05 
5.66039e-05 
3.47851e-05 
2.21359e-05 
5.70088e-05 
9.23472e-05 
9.70206e-05 
4.2107e-05 
1.48661e-05 
4.16173e-05 
3.54683e-05 
4.37379e-05 
7.39797e-05 
0.000112361 
0.000104062 
6.30317e-05 
3.00832e-05 
2.88617e-05 
7.52861e-05 
6.93758e-05 
6.3561e-05 
4.11096e-05 
4.68402e-05 
5.90339e-05 
4.74236e-05 
8.09568e-05 
8.93085e-05 
8.63134e-05 
7.40608e-05 
6.8884e-05 
7.64003e-05 
7.46525e-05 
4.55412e-05 
4.49444e-05 
3.55106e-05 
3.81838e-05 
8.85664e-05 
0.000132966 
0.000132098 
0.000121202 
7.42428e-05 
2.69258e-05 
7.56637e-05 
8.42912e-05 
9.23147e-05 
5.33385e-05 
4.80208e-05 
1.86011e-05 
2.65707e-05 
8.82553e-05 
0.000125591 
0.000108522 
4.90306e-05 
3.75766e-05 
4.39318e-05 
4.9366e-05 
3.82099e-05 
3.04631e-05 
2.81603e-05 
3.41321e-05 
3.05287e-05 
4.19762e-05 
5.60803e-05 
7.31095e-05 
6.20322e-05 
3.05941e-05 
2.5318e-05 
3.7054e-05 
3.54683e-05 
5.27731e-05 
6.97209e-05 
3.73631e-05 
1.84391e-05 
4.08044e-05 
6.32456e-05 
7.81025e-05 
7.54255e-05 
5.64358e-05 
4.06079e-05 
3.53412e-05 
5.6921e-05 
8.4214e-05 
0.000108904 
8.03243e-05 
5.5e-05 
2.18403e-05 
4.11461e-05 
0.00525138 
0.00778205 
0.00768524 
0.00734561 
0.00995155 
0.0107782 
0.0113742 
0.0099985 
0.0136136 
0.0148208 
0.0158729 
0.0148707 
0.0148083 
0.0175554 
0.0173966 
0.0210484 
0.0261281 
0.0284666 
0.0281282 
0.0308559 
0.0298594 
0.0309393 
0.0331167 
0.0340943 
0.0371092 
0.0382322 
0.0362088 
0.0374803 
0.0393042 
0.0336925 
0.0360594 
0.0383608 
0.038326 
0.0402525 
0.0426083 
0.044302 
0.0483113 
0.050262 
0.0506653 
0.0544365 
0.0552176 
0.0592665 
0.0593592 
0.0622983 
0.0648872 
0.0635049 
0.0656296 
0.0656357 
0.0675069 
0.0668961 
0.0658734 
0.0657426 
0.0656084 
0.0667509 
0.0675915 
0.0765067 
0.0804494 
0.0852923 
0.0839877 
0.0883882 
0.088907 
0.0878263 
0.0868091 
0.0899949 
0.0908175 
0.0956051 
0.0950215 
0.0956762 
0.0988044 
0.0997071 
0.0998474 
0.0990642 
0.0996345 
0.0989565 
0.0960905 
0.0967884 
0.0961866 
0.0982752 
0.0986085 
0.0987112 
0.170655 
0.172404 
0.170174 
0.171888 
0.176524 
0.17935 
0.181477 
0.179769 
0.182086 
0.182299 
0.182796 
0.184753 
0.184089 
0.185052 
0.185742 
0.187091 
0.188953 
0.189039 
0.188884 
0.191281 
0.18993 
0.189556 
0.189747 
0.186743 
0.1961 
0.19712 
0.194774 
0.191431 
0.190219 
0.188564 
0.188561 
0.190668 
0.191313 
0.193683 
0.194577 
0.195008 
0.206408 
0.206949 
0.206772 
0.206891 
0.210361 
0.208205 
0.207433 
0.209189 
0.208498 
0.209218 
0.210154 
0.211906 
0.212514 
0.213328 
0.212808 
0.214788 
0.216816 
0.216231 
0.217518 
0.217433 
0.220518 
0.224169 
0.227146 
0.213794 
0.215535 
0.218513 
0.219302 
0.218362 
0.21789 
0.218353 
0.218205 
0.217939 
0.218053 
0.218881 
0.218782 
0.170942 
0.170452 
0.171978 
0.170932 
0.170524 
0.169668 
0.168628 
0.168933 
0.169227 
0.169175 
0.169288 
0.168999 
0.131245 
0.131618 
0.132167 
0.131112 
0.131543 
0.130869 
0.131249 
0.131803 
0.131839 
0.131144 
0.13041 
0.129844 
0.130374 
0.130585 
0.12958 
0.130224 
0.129846 
0.130364 
0.131086 
0.131079 
0.129822 
0.12986 
0.129666 
0.106652 
0.106792 
0.106672 
0.107258 
0.107848 
0.108017 
0.107379 
0.107062 
0.107002 
0.107391 
0.107275 
0.10669 
0.0965 
0.0969008 
0.0975707 
0.0964007 
0.0972185 
0.0969201 
0.0970977 
0.0982358 
0.0995451 
0.0995319 
0.100079 
0.0992769 
0.0981818 
0.0970561 
0.0954592 
0.0948183 
0.0939885 
0.0940739 
0.0952483 
0.0949248 
0.0948936 
0.0962217 
0.0974491 
0.100678 
0.101 
0.100576 
0.0995933 
0.0997362 
0.0992059 
0.0977279 
0.0979132 
0.0977635 
0.0965093 
0.0962215 
0.121182 
0.12083 
0.120481 
0.119649 
0.119779 
0.120111 
0.119437 
0.118062 
0.108479 
0.108222 
0.106824 
0.105698 
0.104958 
0.105968 
0.104845 
0.120328 
0.120321 
0.120244 
0.120661 
0.121148 
0.119646 
0.119914 
0.119051 
0.1188 
0.118407 
0.118059 
0.118404 
0.0978254 
0.0966858 
0.0958557 
0.0943944 
0.0948408 
0.0941217 
0.0940836 
0.0945372 
0.0934207 
0.0935227 
0.0934631 
0.0574853 
0.0569954 
0.0559587 
0.0552545 
0.0554526 
0.0554847 
0.0554809 
0.0548495 
0.0538746 
0.0541085 
0.0535749 
0.0537271 
0.0537793 
0.0982859 
0.0984747 
0.0990565 
0.0989741 
0.0993619 
0.0998099 
0.0998417 
0.0999874 
0.0997264 
0.0995256 
0.0984932 
0.0967782 
0.096308 
0.0964528 
0.0963254 
0.0964739 
0.0964017 
0.0965084 
0.0965764 
0.0962698 
0.0961369 
0.0963234 
0.0958437 
0.0951989 
0.0949942 
0.0945684 
0.093951 
0.0930097 
0.0931313 
0.0932971 
0.093182 
0.0930675 
0.0928522 
0.0925875 
0.0918658 
0.091231 
0.0912258 
0.091203 
0.0910004 
0.090406 
0.0896191 
0.0892694 
0.0891007 
0.0893815 
0.0897525 
0.0896404 
0.0890157 
0.0888485 
0.0887149 
0.0886036 
0.0884503 
0.0886017 
0.0884208 
0.0880349 
0.0877848 
0.0868441 
0.0867529 
0.0867238 
0.0868956 
0.0871905 
0.0873346 
0.0873733 
0.0868985 
0.0861402 
0.0857834 
0.085487 
0.0854304 
0.0855833 
0.0857453 
0.0854988 
0.0852361 
0.08462 
0.0838832 
0.0834945 
0.0838339 
0.0840622 
0.08413 
0.0837783 
0.0830648 
0.0825162 
0.0821231 
0.082045 
0.082346 
0.0825887 
0.0825771 
0.0825792 
0.0818056 
0.0815856 
0.0813415 
0.0808019 
0.0807438 
0.0810581 
0.0812597 
0.0813874 
0.0815181 
0.0809782 
0.080269 
0.0791883 
0.0793651 
0.079484 
0.0797255 
0.0800763 
0.080125 
0.0797024 
0.0791958 
0.0783964 
0.0773752 
0.0772444 
0.077395 
0.0776067 
0.0775457 
0.0775155 
0.0774436 
0.0771656 
0.0768502 
0.0765171 
0.0763062 
0.0760311 
0.0766095 
0.0774788 
0.0774197 
0.0783634 
0.0780652 
0.0787592 
0.0793115 
0.0787824 
0.0792715 
0.0795664 
0.079468 
0.0795698 
0.079511 
0.0814909 
0.0815337 
0.0819549 
0.0832788 
0.0829807 
0.0832601 
0.0840142 
0.083632 
0.0834064 
0.0839826 
0.0839285 
0.0832331 
0.0834437 
0.0831648 
0.083625 
0.0825676 
0.0826873 
0.0829996 
0.0828477 
0.0830402 
0.082756 
0.0827597 
0.0828226 
0.0833501 
0.0827173 
0.0815891 
0.0836546 
0.0840278 
0.0863473 
0.0864647 
0.0860811 
0.0879741 
0.0890456 
0.0873378 
0.0886428 
0.08819 
0.0873974 
0.0873803 
0.0869166 
0.0876639 
0.0886825 
0.0878597 
0.0881049 
0.0895213 
0.0917744 
0.0917949 
0.0963 
0.0975261 
0.100638 
0.0996761 
0.102258 
0.102445 
0.103379 
0.103462 
0.103987 
0.104168 
0.104326 
0.104186 
0.106148 
0.109068 
0.110405 
0.112508 
0.113984 
0.115009 
0.116312 
0.0546166 
0.0543843 
0.0545613 
0.0534382 
0.0527777 
0.0521246 
0.0520055 
0.0517432 
0.052894 
0.0529409 
0.0523183 
0.0517337 
0.0764636 
0.0748658 
0.0735275 
0.0715198 
0.0697159 
0.0685767 
0.0676839 
0.0665232 
0.0657951 
0.0661867 
0.0670267 
0.0654959 
0.0649238 
0.0653728 
0.0644615 
0.065693 
0.0653634 
0.0636097 
0.0618697 
0.0613853 
0.0618895 
0.0598679 
0.0586362 
0.0599673 
0.0579828 
0.0556497 
0.0559098 
0.0554659 
0.0548916 
0.0546376 
0.0553602 
0.0522714 
0.0515491 
0.0511742 
0.051994 
0.0518877 
0.0519952 
0.050166 
0.0476831 
0.0475113 
0.0480609 
0.0478285 
0.0469745 
0.0459173 
0.0502496 
0.0507661 
0.0478717 
0.0835529 
0.0825791 
0.0809587 
0.0791121 
0.077431 
0.0761702 
0.0755192 
0.076668 
0.0753286 
0.0751709 
0.0755671 
0.0740822 
0.0746009 
0.0760992 
0.0724211 
0.0720883 
0.0720386 
0.0690843 
0.0690682 
0.0684606 
0.0693576 
0.069589 
0.0709773 
0.0704654 
0.0782811 
0.0764151 
0.0751637 
0.0750439 
0.0745341 
0.0737283 
0.0753018 
0.0768774 
0.0775296 
0.0775918 
0.0769658 
0.0769475 
0.078155 
0.0767188 
0.078425 
0.0794613 
0.0771442 
0.0745949 
0.074083 
0.0758579 
0.0756439 
0.0740801 
0.0724448 
0.0715054 
0.078988 
0.0782409 
0.0767042 
0.0787086 
0.0788505 
0.0797588 
0.0792199 
0.0791513 
0.0781663 
0.0777358 
0.0770302 
0.0781868 
0.079691 
0.0801201 
0.0806149 
0.081397 
0.0818219 
0.081415 
0.0824864 
0.0829403 
0.0834304 
0.083185 
0.0828311 
0.0833646 
0.0835392 
0.0840956 
0.0839734 
0.0837844 
0.0832465 
0.0827804 
0.0835623 
0.0836621 
0.0838217 
0.0851672 
0.0854569 
0.0848106 
0.0855974 
0.0842957 
0.08469 
0.0849887 
0.0842392 
0.0862203 
0.0855179 
0.0853527 
0.0852695 
0.0853049 
0.0851848 
0.085847 
0.0877685 
0.0878014 
0.0870804 
0.0868229 
0.0873309 
0.0874887 
0.0872769 
0.0869764 
0.087199 
0.087333 
0.0883764 
0.0886812 
0.0887006 
0.0883121 
0.0874663 
0.087766 
0.0888811 
0.0894927 
0.0900944 
0.0895062 
0.0889375 
0.0898909 
0.0893666 
0.0888423 
0.0887232 
0.0882254 
0.0889656 
0.089264 
0.089955 
0.0910372 
0.0916552 
0.091493 
0.0918983 
0.0919995 
0.0920076 
0.0915015 
0.0919433 
0.0928256 
0.0939587 
0.0939491 
0.0936782 
0.0936199 
0.0935545 
0.0929709 
0.0930375 
0.0929962 
0.0931023 
0.0938342 
0.0931986 
0.0931128 
0.0929213 
0.0923711 
0.0922131 
0.0926936 
0.0943527 
0.0948649 
0.0940481 
0.0936983 
0.0942993 
0.0946478 
0.0956212 
0.094843 
0.0943274 
0.094044 
0.0934859 
0.0940819 
0.0949499 
0.0949791 
0.0951315 
0.0955588 
0.0962412 
0.0959534 
0.0959805 
0.095762 
0.080502 
0.0807328 
0.0816835 
0.084007 
0.0834623 
0.0821858 
0.0830421 
0.0819545 
0.0812922 
0.0810799 
0.0809632 
0.0816549 
0.0816904 
0.0817368 
0.0822368 
0.0825125 
0.0822374 
0.0821304 
0.082073 
0.0822983 
0.0827916 
0.0839402 
0.0842343 
0.0816069 
0.0815658 
0.0813766 
0.0821243 
0.0823713 
0.0814571 
0.0812473 
0.0808641 
0.0819063 
0.0818758 
0.0811823 
0.0809 
0.0820733 
0.0826025 
0.082651 
0.0830822 
0.0829924 
0.0829321 
0.084223 
0.0853026 
0.0856522 
0.0850427 
0.0855018 
0.0851877 
0.111791 
0.111772 
0.111823 
0.111492 
0.111841 
0.111669 
0.111417 
0.111505 
0.111821 
0.111532 
0.110559 
0.110286 
0.110168 
0.110583 
0.110929 
0.113092 
0.111694 
0.110271 
0.110592 
0.110014 
0.110105 
0.111355 
0.112019 
0.1135 
0.113403 
0.113292 
0.112954 
0.112251 
0.111383 
0.111346 
0.111802 
0.112547 
0.112019 
0.111204 
0.112277 
0.112037 
0.110942 
0.110439 
0.110968 
0.111741 
0.111819 
0.110609 
0.109011 
0.110347 
0.109992 
0.10942 
0.110271 
0.111691 
0.111786 
0.111278 
0.11256 
0.111299 
0.11102 
0.110373 
0.110098 
0.109711 
0.109695 
0.109963 
0.11041 
0.111402 
0.111484 
0.112134 
0.111488 
0.110985 
0.110908 
0.11152 
0.112167 
0.113258 
0.128676 
0.128236 
0.127837 
0.127895 
0.128688 
0.128193 
0.127467 
0.128281 
0.128675 
0.130028 
0.129627 
0.129961 
0.0833073 
0.082769 
0.0831027 
0.0832417 
0.083501 
0.0838774 
0.0838015 
0.0841909 
0.0838614 
0.0840596 
0.084561 
0.0849187 
0.0848648 
0.0847666 
0.0852918 
0.0864305 
0.086681 
0.0865256 
0.0871208 
0.0870708 
0.0868047 
0.0865829 
0.0862827 
0.086992 
0.0867671 
0.0865317 
0.0859331 
0.0860291 
0.0861759 
0.0868165 
0.086659 
0.0868068 
0.087312 
0.08823 
0.130184 
0.12982 
0.129468 
0.129579 
0.129877 
0.131103 
0.132977 
0.133153 
0.133522 
0.133407 
0.133197 
0.133143 
0.133335 
0.133935 
0.134843 
0.136211 
0.136693 
0.135209 
0.134886 
0.134648 
0.135609 
0.135592 
0.137579 
0.14384 
0.143824 
0.143302 
0.143105 
0.143513 
0.143439 
0.143063 
0.143765 
0.145386 
0.145907 
0.146351 
0.146672 
0.146647 
0.146765 
0.147202 
0.147939 
0.148076 
0.148246 
0.14845 
0.148321 
0.149009 
0.148722 
0.149096 
0.150075 
0.150954 
0.151102 
0.15149 
0.152268 
0.15305 
0.153528 
0.154904 
0.155641 
0.157025 
0.157137 
0.158323 
0.158932 
0.159081 
0.159394 
0.159663 
0.161081 
0.161357 
0.16096 
0.160782 
0.160797 
0.161355 
0.211994 
0.211837 
0.213019 
0.212045 
0.211763 
0.212729 
0.21355 
0.214191 
0.21445 
0.214729 
0.214744 
0.2591 
0.261371 
0.261003 
0.26224 
0.263985 
0.265766 
0.266435 
0.267238 
0.268057 
0.267255 
0.267806 
0.269078 
0.270642 
0.27186 
0.269952 
0.271449 
0.273005 
0.274212 
0.275283 
0.273514 
0.275141 
0.274424 
0.274116 
0.274624 
0.276381 
0.276774 
0.278976 
0.279532 
0.280651 
0.279544 
0.27929 
0.282134 
0.282306 
0.280969 
0.28201 
0.282029 
0.281597 
0.280447 
0.282303 
0.281714 
0.281648 
0.283005 
0.285618 
0.284736 
0.284888 
0.284287 
0.283166 
0.284101 
0.285837 
0.287439 
0.28861 
0.288694 
0.288379 
0.287173 
0.286749 
0.286173 
0.28617 
0.287107 
0.287838 
0.288175 
0.288081 
0.28793 
0.28776 
0.287935 
0.288772 
0.28838 
0.289303 
0.289012 
0.28933 
0.290107 
0.28981 
0.290359 
0.29083 
0.291252 
0.291103 
0.291181 
0.290057 
0.290299 
0.290437 
0.290672 
0.290833 
0.291042 
0.291177 
0.292224 
0.291775 
0.291251 
0.291731 
0.292304 
0.293609 
0.294682 
0.295196 
0.296052 
0.295871 
0.295155 
0.294216 
0.294992 
0.295448 
0.295716 
0.295419 
0.295505 
0.295053 
0.295822 
0.295603 
0.295268 
0.295953 
0.296414 
0.296324 
0.296028 
0.295273 
0.296497 
0.295987 
0.296035 
0.29627 
0.29654 
0.29716 
0.296997 
0.296847 
0.296455 
0.29695 
0.297509 
0.298254 
0.298729 
0.298672 
0.298955 
0.29757 
0.297862 
0.298258 
0.298039 
0.298762 
0.298558 
0.299303 
0.298812 
0.299892 
0.299275 
0.299289 
0.299883 
0.299262 
0.300261 
0.300718 
0.301089 
0.301764 
0.301332 
0.300683 
0.300904 
0.300623 
0.30131 
0.301714 
0.302316 
0.301734 
0.302179 
0.302937 
0.302685 
0.303848 
0.304212 
0.304797 
0.304415 
0.30462 
0.304637 
0.303573 
0.304052 
0.303906 
0.304327 
0.304019 
0.304078 
0.304846 
0.304002 
0.304537 
0.305261 
0.305071 
0.305032 
0.305581 
0.305569 
0.30566 
0.306533 
0.305723 
0.305639 
0.30615 
0.305871 
0.306764 
0.307278 
0.30745 
0.306671 
0.307174 
0.307118 
0.306985 
0.307688 
0.308024 
0.309129 
0.309384 
0.309876 
0.310006 
0.310023 
0.309572 
0.309829 
0.309814 
0.310411 
0.31053 
0.311322 
0.311693 
0.311795 
0.312289 
0.311289 
0.311643 
0.31212 
0.312497 
0.31263 
0.312475 
0.313261 
0.312584 
0.313612 
0.314405 
0.314858 
0.31485 
0.314313 
0.314966 
0.314033 
0.315103 
0.314467 
0.314953 
0.315109 
0.315535 
0.315612 
0.315451 
0.316052 
0.314869 
0.315151 
0.315728 
0.316152 
0.316226 
0.316572 
0.316802 
0.316606 
0.316856 
0.317173 
0.316194 
0.316549 
0.316044 
0.316121 
0.315962 
0.316387 
0.316581 
0.316897 
0.317121 
0.316738 
0.316268 
0.31676 
0.31666 
0.317195 
0.317662 
0.317 
0.318026 
0.317793 
0.317707 
0.317736 
0.317924 
0.317647 
0.317965 
0.317814 
0.317622 
0.318067 
0.317795 
0.318913 
0.319301 
0.319658 
0.320211 
0.319644 
0.320255 
0.31955 
0.320026 
0.320066 
0.320432 
0.320844 
0.321402 
0.322001 
0.321422 
0.321106 
0.321685 
0.320934 
0.321768 
0.322197 
0.322769 
0.322753 
0.323186 
0.323836 
0.32362 
0.324591 
0.324119 
0.324549 
0.325258 
0.325018 
0.32569 
0.325255 
0.325581 
0.325749 
0.325533 
0.326094 
0.326069 
0.326208 
0.326268 
0.326224 
0.326837 
0.326839 
0.326223 
0.32669 
0.327215 
0.327481 
0.328343 
0.328723 
0.327827 
0.328731 
0.328872 
0.329062 
0.329714 
0.329495 
0.330196 
0.330008 
0.330761 
0.330862 
0.331685 
0.332157 
0.332574 
0.332927 
0.332041 
0.332734 
0.332296 
0.333361 
0.333445 
0.333819 
0.334584 
0.334464 
0.335287 
0.335426 
0.334919 
0.335217 
0.335537 
0.336103 
0.336321 
0.33656 
0.337042 
0.337299 
0.337485 
0.336365 
0.336268 
0.336054 
0.335708 
0.335985 
0.335369 
0.33492 
0.334487 
0.333161 
0.332981 
0.331862 
0.332476 
0.333224 
0.33381 
0.334066 
0.334762 
0.33523 
0.334281 
0.334821 
0.334835 
0.335634 
0.33624 
0.336675 
0.337033 
0.336868 
0.337482 
0.337547 
0.337978 
0.338477 
0.339023 
0.339573 
0.339732 
0.340025 
0.340079 
0.340892 
0.340934 
0.341729 
0.341773 
0.342165 
0.342699 
0.344147 
0.3438 
0.343748 
0.343636 
0.344357 
0.345151 
0.345413 
0.345856 
0.346225 
0.346869 
0.346978 
0.347186 
0.347931 
0.348258 
0.34886 
0.349074 
0.349647 
0.349934 
0.349858 
0.349766 
0.350303 
0.351208 
0.352165 
0.352447 
0.352728 
0.352305 
0.352952 
0.352566 
0.353599 
0.354381 
0.355365 
0.355687 
0.356078 
0.35611 
0.355794 
0.356315 
0.356537 
0.357117 
0.356707 
0.357102 
0.358127 
0.357921 
0.357725 
0.358251 
0.358604 
0.358765 
0.358775 
0.359144 
0.359233 
0.359983 
0.360336 
0.360959 
0.359395 
0.359266 
0.359433 
0.358127 
0.357458 
0.357405 
0.357587 
0.358729 
0.359655 
0.360376 
0.360887 
0.360579 
0.360964 
0.361093 
0.361866 
0.362355 
0.362863 
0.363269 
0.362594 
0.362351 
0.362703 
0.363506 
0.364254 
0.364942 
0.365532 
0.365461 
0.365436 
0.365079 
0.366026 
0.367321 
0.368041 
0.368624 
0.368823 
0.369268 
0.369061 
0.369358 
0.369619 
0.370124 
0.370854 
0.371196 
0.371766 
0.37205 
0.372658 
0.372818 
0.373494 
0.374315 
0.374439 
0.375062 
0.375142 
0.375704 
0.376165 
0.376619 
0.377151 
0.378143 
0.378578 
0.379073 
0.381598 
0.380785 
0.380038 
0.380103 
0.380845 
0.382212 
0.384952 
0.387559 
0.388358 
0.388156 
0.389707 
0.389684 
0.390895 
0.391035 
0.391344 
0.392994 
0.393473 
0.393913 
0.394342 
0.394845 
0.395498 
0.395782 
0.396309 
0.396102 
0.396216 
0.396775 
0.396994 
0.397659 
0.397921 
0.398079 
0.398278 
0.398317 
0.398755 
0.398662 
0.399131 
0.399679 
0.400364 
0.400967 
0.401186 
0.401552 
0.401204 
0.401653 
0.401841 
0.40241 
0.403119 
0.403831 
0.404186 
0.403995 
0.404381 
0.404592 
0.405239 
0.405754 
0.406457 
0.406658 
0.407076 
0.407183 
0.407777 
0.408159 
0.408478 
0.408929 
0.409411 
0.409858 
0.410519 
0.410478 
0.412588 
0.412544 
0.414489 
0.416087 
0.417527 
0.417403 
0.416769 
0.416748 
0.417838 
0.416649 
0.41838 
0.418858 
0.418233 
0.419044 
0.419921 
0.419749 
0.419883 
0.420373 
0.421257 
0.421591 
0.421884 
0.42176 
0.421914 
0.421936 
0.422726 
0.423365 
0.423937 
0.424334 
0.424199 
0.424017 
0.42427 
0.424846 
0.425693 
0.426701 
0.427339 
0.427611 
0.42734 
0.427656 
0.427899 
0.428407 
0.429058 
0.429842 
0.430376 
0.430696 
0.430841 
0.430812 
0.431077 
0.431408 
0.43218 
0.432729 
0.434698 
0.436269 
0.436783 
0.435798 
0.434965 
0.433268 
0.433497 
0.4338 
0.433996 
0.434252 
0.434898 
0.435173 
0.435964 
0.436432 
0.437062 
0.437008 
0.436958 
0.437024 
0.437787 
0.43828 
0.438781 
0.439226 
0.439745 
0.440066 
0.440412 
0.440754 
0.441187 
0.441549 
0.442077 
0.442289 
0.442632 
0.442894 
0.443087 
0.443555 
0.443906 
0.44473 
0.445402 
0.445662 
0.446253 
0.446547 
0.446639 
0.44674 
0.446868 
0.447945 
0.448648 
0.449104 
0.449212 
0.449203 
0.448892 
0.449099 
0.449737 
0.450311 
0.450852 
0.45168 
0.451166 
0.450447 
0.451194 
0.451588 
0.450814 
0.451364 
0.451995 
0.452517 
0.452715 
0.453034 
0.452983 
0.45318 
0.453363 
0.453375 
0.453544 
0.45381 
0.454556 
0.455372 
0.456237 
0.45638 
0.456574 
0.456852 
0.456473 
0.456448 
0.45673 
0.457638 
0.458193 
0.459427 
0.459906 
0.460176 
0.460497 
0.460734 
0.461219 
0.461976 
0.462472 
0.463588 
0.463972 
0.464157 
0.464289 
0.464166 
0.464025 
0.464333 
0.465378 
0.466096 
0.46732 
0.467355 
0.467317 
0.466903 
0.467209 
0.467609 
0.468071 
0.468954 
0.469547 
0.47011 
0.470541 
0.470716 
0.470628 
0.47085 
0.471573 
0.472473 
0.473432 
0.474062 
0.474179 
0.474147 
0.474171 
0.474091 
0.474322 
0.475834 
0.476651 
0.477356 
0.47612 
0.475664 
0.474456 
0.474569 
0.475021 
0.476049 
0.476525 
0.477118 
0.477343 
0.47763 
0.477906 
0.478219 
0.478795 
0.479243 
0.479745 
0.479992 
0.480426 
0.481288 
0.481739 
0.482483 
0.482793 
0.482945 
0.483297 
0.483727 
0.484319 
0.484714 
0.485522 
0.486434 
0.487435 
0.487431 
0.487571 
0.487584 
0.487914 
0.489322 
0.490577 
0.49134 
0.492076 
0.492186 
0.492234 
0.492407 
0.492972 
0.493754 
0.494588 
0.49569 
0.496205 
0.496251 
0.496452 
0.497087 
0.498068 
0.498148 
0.499885 
0.5007 
0.501367 
0.501349 
0.502255 
0.502394 
0.502777 
0.50339 
0.504034 
0.504803 
0.505464 
0.506047 
0.505959 
0.506137 
0.507041 
0.507422 
0.50789 
0.508358 
0.508538 
0.509125 
0.509753 
0.510627 
0.511434 
0.511629 
0.512008 
0.511989 
0.512179 
0.512761 
0.513585 
0.514867 
0.515435 
0.515799 
0.515881 
0.515701 
0.516218 
0.516681 
0.518409 
0.518737 
0.519378 
0.520119 
0.520579 
0.520781 
0.521119 
0.5219 
0.522385 
0.523712 
0.524167 
0.524579 
0.525248 
0.52541 
0.525356 
0.525253 
0.525797 
0.526054 
0.526921 
0.528934 
0.528377 
0.527945 
0.52788 
0.529403 
0.53025 
0.531682 
0.53387 
0.533857 
0.533929 
0.533375 
0.534318 
0.534645 
0.534928 
0.53568 
0.536787 
0.536711 
0.536971 
0.536816 
0.536383 
0.536411 
0.536902 
0.537418 
0.538423 
0.539027 
0.539959 
0.54089 
0.541126 
0.541992 
0.542351 
0.542618 
0.542975 
0.542965 
0.543252 
0.543537 
0.544736 
0.545266 
0.545855 
0.546638 
0.546781 
0.547158 
0.547272 
0.548492 
0.548986 
0.549277 
0.549985 
0.550472 
0.550174 
0.550185 
0.551025 
0.551725 
0.552403 
0.554364 
0.554828 
0.555265 
0.555298 
0.555338 
0.555456 
0.555659 
0.556558 
0.557099 
0.557487 
0.558403 
0.558365 
0.558624 
0.559087 
0.559337 
0.560184 
0.56065 
0.561224 
0.561323 
0.561841 
0.561923 
0.562191 
0.563142 
0.563572 
0.563789 
0.564127 
0.564394 
0.564499 
0.564923 
0.565436 
0.566117 
0.567154 
0.567124 
0.567323 
0.567707 
0.568136 
0.569711 
0.570491 
0.571378 
0.571316 
0.5714 
0.57169 
0.571772 
0.573167 
0.573938 
0.575119 
0.575615 
0.575783 
0.575819 
0.575807 
0.576373 
0.57676 
0.578057 
0.578576 
0.579337 
0.58043 
0.580564 
0.581156 
0.581545 
0.581855 
0.58321 
0.583502 
0.584945 
0.58557 
0.585422 
0.585163 
0.58531 
0.585815 
0.586139 
0.58903 
0.590195 
0.590941 
0.590697 
0.590294 
0.589692 
0.590505 
0.59125 
0.593361 
0.593405 
0.594784 
0.59444 
0.594083 
0.594182 
0.594213 
0.594268 
0.594592 
0.595316 
0.595106 
0.595334 
0.595268 
0.595289 
0.595416 
0.596193 
0.597248 
0.598308 
0.599462 
0.599793 
0.600965 
0.601672 
0.602016 
0.602257 
0.602217 
0.601804 
0.601767 
0.60191 
0.60344 
0.603805 
0.604607 
0.60563 
0.605942 
0.6061 
0.605988 
0.606749 
0.607763 
0.608161 
0.609191 
0.610284 
0.610793 
0.61088 
0.611095 
0.611538 
0.612473 
0.61293 
0.613031 
0.614126 
0.614265 
0.614183 
0.613772 
0.613196 
0.612591 
0.612077 
0.611408 
0.611292 
0.611633 
0.611884 
0.612378 
0.612299 
0.612113 
0.545486 
0.545073 
0.544816 
0.544847 
0.545356 
0.546033 
0.545757 
0.546315 
0.546026 
0.546914 
0.547663 
0.55291 
0.551863 
0.551457 
0.552726 
0.553106 
0.554642 
0.554832 
0.553895 
0.556679 
0.556816 
0.556395 
0.55694 
0.55651 
0.556278 
0.556362 
0.556965 
0.557091 
0.557657 
0.558396 
0.558881 
0.559586 
0.560056 
0.560383 
0.56635 
0.565685 
0.565899 
0.56592 
0.566095 
0.566504 
0.566703 
0.566659 
0.566554 
0.566656 
0.566303 
0.567718 
0.568509 
0.568719 
0.569503 
0.568963 
0.569163 
0.568727 
0.569408 
0.569853 
0.570565 
0.571393 
0.570818 
0.570976 
0.69717 
0.69743 
0.697371 
0.697284 
0.698645 
0.699106 
0.701315 
0.701258 
0.701749 
0.700637 
0.700429 
0.700141 
0.700041 
0.699061 
0.699992 
0.701104 
0.701198 
0.700863 
0.700446 
0.700232 
0.699796 
0.700463 
0.700645 
0.749623 
0.749594 
0.749372 
0.750425 
0.750378 
0.750866 
0.750717 
0.751333 
0.751947 
0.7516 
0.75193 
0.744488 
0.745858 
0.745952 
0.74567 
0.745736 
0.745994 
0.747478 
0.747768 
0.748708 
0.749361 
0.749641 
0.74993 
0.841514 
0.842406 
0.842202 
0.843789 
0.844974 
0.845446 
0.846524 
0.846386 
0.846976 
0.846439 
0.846956 
0.847124 
0.932713 
0.933733 
0.933846 
0.93374 
0.934712 
0.935039 
0.936259 
0.93617 
0.937256 
0.937864 
0.937445 
0.939548 
0.940548 
0.940638 
0.940663 
0.940381 
0.941318 
0.94107 
0.940645 
0.940646 
0.940778 
0.940867 
0.940965 
0.940979 
0.940969 
0.941298 
0.941471 
0.941569 
0.941658 
0.941912 
0.942901 
0.942773 
0.944753 
0.944848 
0.945637 
0.946076 
0.946459 
0.946913 
0.946625 
0.947397 
0.947433 
0.947547 
0.94829 
0.948578 
0.949345 
0.950862 
0.951671 
0.951416 
0.95199 
0.952023 
0.952162 
0.952585 
0.95332 
0.954344 
0.955638 
0.95575 
0.956093 
0.955793 
1.0141 
1.01387 
1.01434 
1.01466 
1.01648 
1.01652 
1.0169 
1.017 
1.01816 
1.01867 
1.01786 
1.01833 
1.02165 
1.01931 
1.01843 
1.02075 
1.02106 
1.02203 
1.02147 
1.02081 
1.02107 
1.0209 
1.01997 
0.962902 
0.964491 
0.965322 
0.965696 
0.965642 
0.965615 
0.965749 
0.965337 
0.967352 
0.968621 
0.969878 
0.944311 
0.944913 
0.945611 
0.945043 
0.946004 
0.946166 
0.946809 
0.945965 
0.946401 
0.948327 
0.948427 
0.948476 
0.932979 
0.934204 
0.935931 
0.936147 
0.936459 
0.937128 
0.938075 
0.939537 
0.939894 
0.940617 
0.941429 
0.942595 
0.944417 
0.945458 
0.946742 
0.94731 
0.946773 
0.945842 
0.944872 
0.943506 
0.941996 
0.939821 
0.938488 
0.937303 
0.936734 
0.936179 
0.935641 
0.935186 
0.934783 
0.933809 
0.933521 
0.933191 
0.932427 
0.932054 
0.931201 
0.932188 
0.932291 
0.933201 
0.933768 
0.933655 
0.935189 
0.935072 
0.935628 
0.935132 
0.936101 
0.935828 
0.937215 
0.93749 
0.937773 
0.937455 
0.938151 
0.937986 
0.938263 
0.938584 
0.939437 
0.939652 
0.939835 
0.941472 
0.940871 
0.941834 
0.942131 
0.888434 
0.888204 
0.887391 
0.889272 
0.889592 
0.890592 
0.890418 
0.891594 
0.891167 
0.890583 
0.8911 
0.890488 
0.891612 
0.878836 
0.878923 
0.879355 
0.87854 
0.879447 
0.878314 
0.879405 
0.879251 
0.879047 
0.879999 
0.879548 
0.880313 
0.879641 
0.881443 
0.868663 
0.868491 
0.869471 
0.869643 
0.870169 
0.870808 
0.872337 
0.871934 
0.87216 
0.873366 
0.872565 
0.872387 
0.873768 
0.850641 
0.850906 
0.850597 
0.851285 
0.851124 
0.850149 
0.850897 
0.850707 
0.851392 
0.851529 
0.852201 
0.851914 
0.851362 
0.852061 
0.852334 
0.851784 
0.853011 
0.853475 
0.85451 
0.855508 
0.856122 
0.85744 
0.857081 
0.858279 
0.828925 
0.828754 
0.828825 
0.82881 
0.829106 
0.828501 
0.829483 
0.82918 
0.828987 
0.829411 
0.830887 
0.83043 
0.898635 
0.900032 
0.899783 
0.900418 
0.901159 
0.901031 
0.902762 
0.902175 
0.902645 
0.901907 
0.90161 
0.902315 
0.713379 
0.71429 
0.71436 
0.714826 
0.714923 
0.714841 
0.715009 
0.715287 
0.715671 
0.71605 
0.715755 
0.716421 
0.591985 
0.591787 
0.591987 
0.592334 
0.59354 
0.593404 
0.594143 
0.593701 
0.594257 
0.594714 
0.595199 
0.596094 
0.626006 
0.625996 
0.625261 
0.626127 
0.625617 
0.625087 
0.625574 
0.624783 
0.625866 
0.625627 
0.625952 
0.626788 
0.627199 
0.628258 
0.628347 
0.629253 
0.629109 
0.630033 
0.629519 
0.62953 
0.629457 
0.628815 
0.629957 
0.630472 
0.630869 
0.631837 
0.630174 
0.629903 
0.62993 
0.628735 
0.628547 
0.631071 
0.629242 
0.627804 
0.626171 
0.526309 
0.523998 
0.52332 
0.522957 
0.524045 
0.522745 
0.521189 
0.521213 
0.520345 
0.520226 
0.51929 
0.518413 
0.438277 
0.438321 
0.441349 
0.441208 
0.44085 
0.439485 
0.440796 
0.440223 
0.439127 
0.439146 
0.439527 
0.441606 
0.417506 
0.417383 
0.417119 
0.416665 
0.416967 
0.415862 
0.416229 
0.4162 
0.413985 
0.412783 
0.413436 
0.396339 
0.396035 
0.396934 
0.396783 
0.397027 
0.397316 
0.395788 
0.393207 
0.391915 
0.391305 
0.392767 
0.392566 
0.421551 
0.420585 
0.420759 
0.422028 
0.421614 
0.419625 
0.418994 
0.418972 
0.417087 
0.417552 
0.418878 
0.419805 
0.316359 
0.316018 
0.316138 
0.314848 
0.315122 
0.313485 
0.312211 
0.313275 
0.314116 
0.31472 
0.314653 
0.313481 
0.279384 
0.278407 
0.278724 
0.279731 
0.280001 
0.279573 
0.280095 
0.278043 
0.276177 
0.277302 
0.275594 
0.273747 
0.227467 
0.227589 
0.227681 
0.226522 
0.226344 
0.227165 
0.227673 
0.227818 
0.227748 
0.228511 
0.2292 
0.22859 
0.229079 
0.229147 
0.229057 
0.228764 
0.229022 
0.228881 
0.22833 
0.22887 
0.22853 
0.228615 
0.229057 
0.230041 
0.358158 
0.357813 
0.357557 
0.356502 
0.358168 
0.358273 
0.358497 
0.359072 
0.358293 
0.358697 
0.357646 
0.358443 
0.292297 
0.292933 
0.292579 
0.291538 
0.292338 
0.291726 
0.290845 
0.291599 
0.291835 
0.293213 
0.292877 
0.29327 
0.355383 
0.355677 
0.355332 
0.354692 
0.35609 
0.355851 
0.356909 
0.357013 
0.357536 
0.357036 
0.356015 
0.356581 
0.272699 
0.271733 
0.271514 
0.271745 
0.27259 
0.271846 
0.271551 
0.270879 
0.270593 
0.272577 
0.272438 
0.273052 
0.250328 
0.250015 
0.249261 
0.248457 
0.249439 
0.249451 
0.250035 
0.250465 
0.251031 
0.250909 
0.250554 
0.250189 
0.397656 
0.398612 
0.398554 
0.398348 
0.399151 
0.398224 
0.398809 
0.397627 
0.396991 
0.396921 
0.396886 
0.398081 
0.397199 
0.260483 
0.260368 
0.260179 
0.259617 
0.258876 
0.259993 
0.259659 
0.260864 
0.260189 
0.259838 
0.2597 
0.25895 
0.279708 
0.280125 
0.280078 
0.281986 
0.281633 
0.281302 
0.281196 
0.280615 
0.280584 
0.280249 
0.281019 
0.281766 
0.253145 
0.254062 
0.254448 
0.253941 
0.253556 
0.252709 
0.25333 
0.253835 
0.253484 
0.254848 
0.254442 
0.254506 
0.275861 
0.275736 
0.276286 
0.275675 
0.275601 
0.276329 
0.276829 
0.276507 
0.276175 
0.275654 
0.2764 
0.27648 
0.212925 
0.213744 
0.213798 
0.213677 
0.213098 
0.212446 
0.212422 
0.212564 
0.213121 
0.21322 
0.213273 
0.213385 
0.259659 
0.259238 
0.259359 
0.259586 
0.260572 
0.261089 
0.261597 
0.260706 
0.260074 
0.260367 
0.260097 
0.260327 
0.3096 
0.310716 
0.310203 
0.309102 
0.309575 
0.308723 
0.309158 
0.308284 
0.306937 
0.30576 
0.304869 
0.3039 
0.285791 
0.286983 
0.288396 
0.290169 
0.290272 
0.292207 
0.292346 
0.291945 
0.292124 
0.291114 
0.290739 
0.291708 
0.265228 
0.265168 
0.265488 
0.266748 
0.266228 
0.265755 
0.265906 
0.264824 
0.264499 
0.263939 
0.265135 
0.265 
0.332122 
0.334229 
0.333174 
0.333156 
0.333737 
0.333129 
0.334609 
0.334037 
0.334652 
0.33404 
0.332585 
0.332758 
0.380045 
0.382114 
0.381657 
0.382043 
0.382621 
0.381907 
0.381951 
0.38193 
0.382302 
0.382277 
0.382803 
0.382869 
0.382501 
0.383201 
0.382986 
0.382675 
0.38246 
0.383016 
0.383443 
0.382649 
0.383896 
0.383737 
0.38358 
0.383093 
0.34213 
0.342312 
0.34112 
0.341971 
0.342955 
0.343068 
0.3428 
0.342674 
0.342686 
0.342357 
0.342774 
0.342287 
0.28826 
0.288455 
0.289154 
0.288998 
0.288678 
0.288973 
0.288665 
0.287399 
0.288514 
0.288659 
0.289379 
0.289203 
0.278587 
0.278466 
0.276036 
0.275513 
0.275631 
0.277237 
0.27758 
0.27975 
0.280469 
0.279622 
0.278038 
0.277057 
0.276767 
0.277836 
0.277306 
0.276951 
0.276305 
0.276564 
0.275733 
0.275789 
0.275464 
0.274972 
0.275721 
0.274864 
0.275505 
0.274613 
0.27496 
0.275487 
0.275183 
0.276287 
0.275505 
0.275621 
0.27501 
0.274781 
0.275312 
0.274943 
0.271085 
0.270656 
0.268194 
0.266272 
0.267162 
0.267759 
0.268122 
0.270555 
0.267296 
0.266903 
0.269952 
0.270036 
0.271819 
0.27118 
0.270272 
0.270115 
0.271075 
0.270152 
0.270566 
0.270608 
0.270628 
0.269984 
0.270529 
0.27014 
0.270344 
0.269776 
0.269536 
0.269453 
0.268812 
0.268797 
0.269227 
0.270122 
0.269679 
0.269708 
0.269307 
0.269124 
0.231698 
0.231668 
0.231501 
0.231632 
0.231628 
0.231153 
0.230661 
0.230625 
0.230387 
0.230619 
0.230058 
0.229636 
0.197064 
0.196184 
0.196804 
0.1977 
0.197386 
0.195847 
0.195582 
0.195615 
0.19613 
0.196988 
0.196875 
0.198174 
0.198106 
0.198002 
0.197489 
0.19713 
0.197 
0.197187 
0.197676 
0.197818 
0.197799 
0.197097 
0.196884 
0.196712 
0.33849 
0.339209 
0.339736 
0.339005 
0.338908 
0.338917 
0.338389 
0.338658 
0.338944 
0.339279 
0.338863 
0.338655 
0.33848 
0.337784 
0.338157 
0.338229 
0.339177 
0.338842 
0.3383 
0.33545 
0.333678 
0.33212 
0.3326 
0.327288 
0.324129 
0.323826 
0.326985 
0.326132 
0.327825 
0.329128 
0.3282 
0.328409 
0.328635 
0.328689 
0.328244 
0.328245 
0.303196 
0.30267 
0.302809 
0.302565 
0.302004 
0.301817 
0.301751 
0.302254 
0.301887 
0.302153 
0.302938 
0.30252 
0.245457 
0.244918 
0.245147 
0.244339 
0.245217 
0.244837 
0.244241 
0.244481 
0.244069 
0.243662 
0.243587 
0.243916 
0.243892 
0.24376 
0.243456 
0.244267 
0.243658 
0.243534 
0.244202 
0.244166 
0.244179 
0.244538 
0.244424 
0.244105 
0.253308 
0.254083 
0.253892 
0.253769 
0.253527 
0.253252 
0.252924 
0.251929 
0.251935 
0.251384 
0.251117 
0.252083 
0.3018 
0.301882 
0.301495 
0.301243 
0.301935 
0.301593 
0.302129 
0.301153 
0.300276 
0.300093 
0.301502 
0.25077 
0.250828 
0.251125 
0.252055 
0.251361 
0.250857 
0.250204 
0.248891 
0.248996 
0.248332 
0.24893 
0.249847 
0.25592 
0.254828 
0.254732 
0.253189 
0.253025 
0.252642 
0.252137 
0.252351 
0.252535 
0.252525 
0.251719 
0.252127 
0.341328 
0.34088 
0.342021 
0.341171 
0.340807 
0.3402 
0.339991 
0.340321 
0.339718 
0.340404 
0.339789 
0.33969 
0.387784 
0.387751 
0.388514 
0.387553 
0.387564 
0.387144 
0.386769 
0.385892 
0.385873 
0.386518 
0.385396 
0.385258 
0.419148 
0.418002 
0.418517 
0.419071 
0.418656 
0.418427 
0.419143 
0.418205 
0.418005 
0.418323 
0.418314 
0.418497 
0.452311 
0.453029 
0.45382 
0.452911 
0.452708 
0.452938 
0.452878 
0.452679 
0.45313 
0.453469 
0.452884 
0.452569 
0.452312 
0.451888 
0.451983 
0.453903 
0.454055 
0.452892 
0.452318 
0.452209 
0.452227 
0.452429 
0.451466 
0.451749 
0.451877 
0.452484 
0.452073 
0.451419 
0.451919 
0.451816 
0.451887 
0.453504 
0.4538 
0.45317 
0.45313 
0.453162 
0.453991 
0.453748 
0.45402 
0.45428 
0.453992 
0.454792 
0.454813 
0.455077 
0.454768 
0.454256 
0.454118 
0.430585 
0.430535 
0.430643 
0.431023 
0.43133 
0.431699 
0.432633 
0.432165 
0.432331 
0.432311 
0.432806 
0.432621 
0.406505 
0.406342 
0.406309 
0.406176 
0.405226 
0.40551 
0.406374 
0.405946 
0.406713 
0.406967 
0.407059 
0.406149 
0.296118 
0.296112 
0.295742 
0.296937 
0.297042 
0.297213 
0.296651 
0.296131 
0.295554 
0.295206 
0.296882 
0.297118 
0.293448 
0.293029 
0.292995 
0.292756 
0.292251 
0.291967 
0.293028 
0.292744 
0.29411 
0.29376 
0.292955 
0.291882 
0.320453 
0.321664 
0.321637 
0.323094 
0.323059 
0.322822 
0.322349 
0.321582 
0.321137 
0.320573 
0.321551 
0.322493 
0.342918 
0.342435 
0.342056 
0.342077 
0.341663 
0.342319 
0.342118 
0.342842 
0.342742 
0.34254 
0.342046 
0.3415 
0.413168 
0.412755 
0.412506 
0.413015 
0.413708 
0.414585 
0.414035 
0.413708 
0.413508 
0.414781 
0.414984 
0.414701 
0.522821 
0.5221 
0.521242 
0.521368 
0.520473 
0.521554 
0.521645 
0.521275 
0.521967 
0.521147 
0.520829 
0.520346 
0.54045 
0.540597 
0.539863 
0.53984 
0.54035 
0.540566 
0.540041 
0.540544 
0.54079 
0.540091 
0.541176 
0.540672 
0.651902 
0.651156 
0.65077 
0.65116 
0.651339 
0.651403 
0.650663 
0.65141 
0.650952 
0.65053 
0.650302 
0.650728 
0.650843 
0.65042 
0.651644 
0.651362 
0.651341 
0.650912 
0.651128 
0.652058 
0.651618 
0.652181 
0.651698 
0.6514 
0.65095 
0.651441 
0.652513 
0.651758 
0.651144 
0.652058 
0.65263 
0.652683 
0.652431 
0.65249 
0.6531 
0.652759 
0.761015 
0.760659 
0.761605 
0.762037 
0.762053 
0.762048 
0.761348 
0.761686 
0.761125 
0.76242 
0.763227 
0.76346 
0.764592 
0.764007 
0.764194 
0.763794 
0.764793 
0.764593 
0.764656 
0.766267 
0.766148 
0.767115 
0.766736 
0.76687 
0.780802 
0.780805 
0.781279 
0.780488 
0.782043 
0.783319 
0.78346 
0.782792 
0.782628 
0.783557 
0.783543 
0.784865 
0.837596 
0.837755 
0.838509 
0.837948 
0.838456 
0.838237 
0.838182 
0.839063 
0.838927 
0.838893 
0.839 
0.83991 
0.806191 
0.805759 
0.806033 
0.806237 
0.807013 
0.807292 
0.808053 
0.807751 
0.807282 
0.806781 
0.806788 
0.808028 
0.808447 
0.808196 
0.809152 
0.808327 
0.808898 
0.809068 
0.809414 
0.80958 
0.810666 
0.811584 
0.811061 
0.811436 
0.810548 
0.810781 
0.810789 
0.811465 
0.813182 
0.812592 
0.813009 
0.812186 
0.811895 
0.812389 
0.812291 
0.813312 
0.814609 
0.815742 
0.81487 
0.81485 
0.815102 
0.81504 
0.816339 
0.817764 
0.817332 
0.816831 
0.816735 
0.816891 
0.816153 
0.816668 
0.817143 
0.817804 
0.819509 
0.818763 
0.8189 
0.818251 
0.818121 
0.818433 
0.820199 
0.821048 
0.820825 
0.821339 
0.820606 
0.820388 
0.820666 
0.820717 
0.822848 
0.822741 
0.823576 
0.822903 
0.823215 
0.82314 
0.823139 
0.824462 
0.824465 
0.825794 
0.825925 
0.825719 
0.825429 
0.824986 
0.825007 
0.825271 
0.826707 
0.830032 
0.830517 
0.829718 
0.82933 
0.830179 
0.83002 
0.831608 
0.832032 
0.831856 
0.832349 
0.831636 
0.831824 
0.831837 
0.832042 
0.833043 
0.832441 
0.833073 
0.833059 
0.832816 
0.833378 
0.832788 
0.83433 
0.834091 
0.83502 
0.910907 
0.911627 
0.911739 
0.911518 
0.911764 
0.911609 
0.913278 
0.914103 
0.913887 
0.914984 
0.914214 
0.913722 
0.791995 
0.793153 
0.793969 
0.794738 
0.795903 
0.795222 
0.795311 
0.79525 
0.795879 
0.796576 
0.796275 
0.797168 
0.874771 
0.875655 
0.875078 
0.874726 
0.87497 
0.875192 
0.876829 
0.876667 
0.877291 
0.877994 
0.877597 
0.878102 
0.877844 
0.779171 
0.779869 
0.77962 
0.780532 
0.780035 
0.779433 
0.778871 
0.779162 
0.781184 
0.780841 
0.780833 
0.784404 
0.784725 
0.783951 
0.784409 
0.784563 
0.785182 
0.787022 
0.78684 
0.787283 
0.78686 
0.78653 
0.786315 
0.826271 
0.828165 
0.828251 
0.829414 
0.82892 
0.828028 
0.827969 
0.827904 
0.828693 
0.829019 
0.830298 
0.830455 
0.830175 
0.829837 
0.828735 
0.830342 
0.830263 
0.830889 
0.832428 
0.832252 
0.832639 
0.831587 
0.832038 
0.832169 
0.831715 
0.857884 
0.857954 
0.858287 
0.858598 
0.857778 
0.858009 
0.857393 
0.859072 
0.86012 
0.859759 
0.860404 
0.860213 
0.743542 
0.742461 
0.743226 
0.743342 
0.743925 
0.745365 
0.744842 
0.74506 
0.744512 
0.744258 
0.744416 
0.744041 
0.744798 
0.845248 
0.845416 
0.845199 
0.845532 
0.84546 
0.845353 
0.847442 
0.846771 
0.847104 
0.847227 
0.847108 
0.847031 
0.847017 
0.848415 
0.752504 
0.753021 
0.753459 
0.753688 
0.753036 
0.752382 
0.753407 
0.753244 
0.754786 
0.754616 
0.755115 
0.754768 
0.753871 
0.754108 
0.754215 
0.755023 
0.755946 
0.755274 
0.755461 
0.755734 
0.755025 
0.755914 
0.756222 
0.756526 
0.756269 
0.658288 
0.658287 
0.657923 
0.657779 
0.65784 
0.658884 
0.659288 
0.659884 
0.660086 
0.659567 
0.659203 
0.659187 
0.659974 
0.659166 
0.659798 
0.660412 
0.660554 
0.661367 
0.660892 
0.661282 
0.662154 
0.66133 
0.661819 
0.66162 
0.661847 
0.661254 
0.661876 
0.661677 
0.662437 
0.662159 
0.66181 
0.663447 
0.662802 
0.663006 
0.663671 
0.66382 
0.680549 
0.680359 
0.680883 
0.681877 
0.6814 
0.681505 
0.680715 
0.681553 
0.681509 
0.681095 
0.681446 
0.682045 
0.65331 
0.653562 
0.653907 
0.653604 
0.653322 
0.654439 
0.653496 
0.654901 
0.655067 
0.654578 
0.654887 
0.655268 
0.655407 
0.654733 
0.655202 
0.654862 
0.654627 
0.654849 
0.654964 
0.656454 
0.656401 
0.656917 
0.656302 
0.657407 
1.08697 
1.08737 
1.08777 
1.08744 
1.0877 
1.08729 
1.08771 
1.08869 
1.08862 
1.08874 
1.08885 
1.0899 
1.20123 
1.20257 
1.20291 
1.20307 
1.20329 
1.20357 
1.20353 
1.20444 
1.20418 
1.20547 
1.20531 
1.20569 
1.20552 
1.20529 
1.20617 
1.20591 
1.20661 
1.20734 
1.20801 
1.20961 
1.20934 
1.20942 
1.20924 
1.20959 
1.62376 
1.6253 
1.62691 
1.62669 
1.62757 
1.62749 
1.62806 
1.62894 
1.62891 
1.63104 
1.63106 
1.63164 
1.63182 
1.63238 
1.63308 
1.63377 
1.63475 
1.63462 
1.63603 
1.63611 
1.63707 
1.63793 
1.6383 
1.63837 
1.63883 
1.63946 
1.63959 
1.64146 
1.64231 
1.64269 
1.64349 
1.6438 
1.64351 
1.64415 
1.64439 
1.64473 
1.64492 
1.64513 
1.64706 
1.64734 
1.64816 
1.64797 
1.64925 
1.64993 
1.65015 
1.65167 
1.65141 
1.65248 
1.6523 
1.65355 
1.65455 
1.65517 
1.65612 
1.65641 
1.65739 
1.65753 
1.65873 
1.65897 
1.65896 
1.65979 
1.66077 
1.66218 
1.66188 
1.66254 
1.66247 
1.66271 
1.66484 
1.66482 
1.66645 
1.66674 
1.66667 
1.66627 
1.66645 
1.66734 
1.66736 
1.66983 
1.67023 
1.67023 
1.67088 
1.67166 
1.67265 
1.6733 
1.67394 
1.67465 
1.65382 
1.65395 
1.65373 
1.65433 
1.65554 
1.65541 
1.65733 
1.65712 
1.65823 
1.65809 
1.65785 
1.65811 
1.65866 
1.66059 
1.6608 
1.6619 
1.66233 
1.66203 
1.66251 
1.66217 
1.66349 
1.6638 
1.66428 
1.66605 
1.61567 
1.61609 
1.6161 
1.6167 
1.6173 
1.61901 
1.61944 
1.61921 
1.62041 
1.62006 
1.62111 
1.62105 
1.61334 
1.61432 
1.61544 
1.61658 
1.61642 
1.61696 
1.61676 
1.6172 
1.61772 
1.61805 
1.61885 
1.62088 
1.62083 
1.61691 
1.61702 
1.6171 
1.61719 
1.61762 
1.61893 
1.61938 
1.62026 
1.62004 
1.62021 
1.62025 
1.62001 
1.62165 
1.62197 
1.62271 
1.62379 
1.62421 
1.6241 
1.62409 
1.62422 
1.62434 
1.62559 
1.62645 
1.62768 
1.67571 
1.67573 
1.67588 
1.67582 
1.67641 
1.67642 
1.67705 
1.67842 
1.67915 
1.67983 
1.67934 
1.84156 
1.8413 
1.84231 
1.84249 
1.84354 
1.8451 
1.84496 
1.84566 
1.84561 
1.84571 
1.84634 
1.8466 
1.87916 
1.88127 
1.88176 
1.88233 
1.88187 
1.88231 
1.88248 
1.88287 
1.88416 
1.88422 
1.88617 
1.8863 
1.88997 
1.8896 
1.88922 
1.89012 
1.89118 
1.8938 
1.89408 
1.8948 
1.89489 
1.89477 
1.89546 
1.89551 
1.90761 
1.90859 
1.90943 
1.9104 
1.91061 
1.91098 
1.91065 
1.91138 
1.91155 
1.91374 
1.91442 
1.91474 
1.92503 
1.9249 
1.92522 
1.92522 
1.9267 
1.92738 
1.92773 
1.92952 
1.92963 
1.93022 
1.92997 
1.93046 
1.9314 
1.93247 
1.93277 
1.93393 
1.93507 
1.9352 
1.93501 
1.93554 
1.93622 
1.93713 
1.93931 
1.9394 
1.95891 
1.95902 
1.95916 
1.95926 
1.96015 
1.96093 
1.96144 
1.96345 
1.96347 
1.96393 
1.96444 
1.96421 
1.96084 
1.9607 
1.96181 
1.96269 
1.96341 
1.96434 
1.96515 
1.96543 
1.96541 
1.96655 
1.96671 
1.96819 
1.96588 
1.96606 
1.96727 
1.96698 
1.96691 
1.96722 
1.96862 
1.96936 
1.96955 
1.97146 
1.97175 
1.97246 
1.97168 
1.97163 
1.97215 
1.97253 
1.97412 
1.97506 
1.97564 
1.97619 
1.97608 
1.97639 
1.9769 
1.97808 
1.9789 
1.97908 
1.98046 
1.9806 
1.98097 
1.98136 
1.98126 
1.98201 
1.9825 
1.98475 
1.9848 
1.99104 
1.99121 
1.99092 
1.9915 
1.99159 
1.99344 
1.99376 
1.99502 
1.99632 
1.99619 
1.99634 
1.99612 
1.97698 
1.97801 
1.9792 
1.98036 
1.98036 
1.98112 
1.98103 
1.9817 
1.98184 
1.98251 
1.98352 
1.98437 
2.00803 
2.00796 
2.00836 
2.00848 
2.00874 
2.0098 
2.00991 
2.01043 
2.01168 
2.01295 
2.01366 
2.01337 
2.02566 
2.02592 
2.02587 
2.02822 
2.02848 
2.03021 
2.03032 
2.03071 
2.03046 
2.03051 
2.03145 
2.0315 
2.03366 
2.03399 
2.03562 
2.03578 
2.03569 
2.03565 
2.03582 
2.03681 
2.03738 
2.03937 
2.03969 
2.03977 
2.04657 
2.0464 
2.04744 
2.04765 
2.04881 
2.05014 
2.05039 
2.0516 
2.05153 
2.0517 
2.05172 
2.05205 
2.04125 
2.04162 
2.04415 
2.04412 
2.04462 
2.04438 
2.04429 
2.04528 
2.04537 
2.0471 
2.04809 
2.04892 
2.04234 
2.04209 
2.04245 
2.04257 
2.04294 
2.04515 
2.04529 
2.04717 
2.04719 
2.04713 
2.04683 
2.04675 
2.04756 
2.04866 
2.05065 
2.05088 
2.0519 
2.05176 
2.05141 
2.05148 
2.05199 
2.05376 
2.05409 
2.05603 
2.07465 
2.07483 
2.07532 
2.07519 
2.07597 
2.07608 
2.07691 
2.07807 
2.07891 
2.08013 
2.07996 
2.05157 
2.05148 
2.05252 
2.05298 
2.05314 
2.05526 
2.0555 
2.05626 
2.05619 
2.05651 
2.05685 
2.05733 
2.06669 
2.06776 
2.06785 
2.06879 
2.06894 
2.0696 
2.07016 
2.0702 
2.07156 
2.07246 
2.0739 
2.07397 
2.06948 
2.06964 
2.06954 
2.07059 
2.07076 
2.07229 
2.07315 
2.07394 
2.07448 
2.07498 
2.07517 
2.07553 
2.08192 
2.08215 
2.08326 
2.08455 
2.08556 
2.08621 
2.08594 
2.08633 
2.08689 
2.08784 
2.08963 
2.09052 
2.09187 
2.09186 
2.0922 
2.09204 
2.09236 
2.09302 
2.09318 
2.09592 
2.09608 
2.09651 
2.09712 
2.09782 
2.11974 
2.12028 
2.12158 
2.12259 
2.12324 
2.12415 
2.1241 
2.12419 
2.12447 
2.12514 
2.12697 
2.12811 
2.13808 
2.13821 
2.13866 
2.13888 
2.13898 
2.13991 
2.14033 
2.14159 
2.14209 
2.14246 
2.14295 
2.14396 
2.14447 
2.14469 
2.14602 
2.14623 
2.14772 
2.14789 
2.148 
2.14934 
2.14935 
2.1503 
2.15072 
2.15223 
2.15831 
2.15944 
2.16124 
2.16126 
2.16205 
2.16194 
2.16251 
2.16292 
2.16301 
2.16482 
2.16509 
2.16634 
2.16795 
2.16877 
2.16936 
2.16963 
2.17154 
2.17228 
2.17231 
2.17348 
2.17376 
2.17445 
2.17469 
2.17562 
2.17651 
2.17722 
2.17843 
2.17861 
2.17951 
2.18012 
2.18049 
2.18236 
2.18241 
2.18302 
2.18367 
2.18432 
2.1846 
2.1853 
2.18655 
2.18667 
2.18793 
2.18814 
2.18902 
2.19008 
2.19002 
2.19103 
2.19097 
2.19134 
2.19208 
2.19471 
2.19502 
2.19493 
2.19542 
2.19565 
2.1968 
2.19783 
2.19938 
2.20032 
2.20035 
2.20443 
2.20436 
2.2051 
2.20525 
2.20633 
2.2085 
2.20905 
2.2096 
2.21016 
2.21024 
2.21078 
2.21121 
2.21178 
2.21271 
2.21444 
2.21516 
2.21531 
2.21598 
2.21603 
2.21726 
2.21827 
2.21891 
2.22031 
2.22027 
2.2071 
2.20699 
2.20789 
2.2089 
2.20983 
2.21151 
2.21159 
2.21214 
2.21197 
2.2124 
2.2128 
2.21298 
2.21728 
2.2184 
2.21975 
2.21993 
2.22039 
2.22057 
2.22044 
2.22205 
2.22285 
2.22522 
2.22547 
2.22562 
2.22073 
2.22112 
2.22215 
2.22221 
2.22395 
2.22418 
2.22577 
2.22614 
2.22623 
2.22617 
2.22722 
2.22724 
2.22581 
2.2261 
2.22697 
2.22811 
2.22888 
2.22899 
2.22944 
2.23101 
2.2312 
2.23251 
2.23351 
2.23341 
2.25839 
2.25821 
2.25873 
2.25951 
2.2609 
2.26143 
2.2623 
2.26336 
2.26327 
2.26436 
2.26469 
2.2648 
2.26604 
2.26607 
2.26765 
2.26785 
2.26888 
2.26888 
2.26942 
2.27054 
2.27137 
2.27281 
2.27283 
2.27348 
2.2735 
2.2738 
2.27476 
2.27613 
2.27792 
2.27788 
2.2786 
2.27839 
2.27895 
2.2793 
2.2802 
2.281 
2.28087 
2.28085 
2.28106 
2.28133 
2.28178 
2.28179 
2.28298 
2.28485 
2.28492 
2.28602 
2.28594 
2.28617 
2.28566 
2.2858 
2.28718 
2.28768 
2.28903 
2.28964 
2.28998 
2.2898 
2.29031 
2.2902 
2.29025 
2.29166 
2.29557 
2.29632 
2.29566 
2.29548 
2.29588 
2.29614 
2.2968 
2.29811 
2.30033 
2.30058 
2.30068 
2.30184 
2.31451 
2.31459 
2.31514 
2.31527 
2.31559 
2.31587 
2.31714 
2.31754 
2.32024 
2.32048 
2.32174 
2.32098 
2.32021 
2.31936 
2.31902 
2.31761 
2.31808 
2.31777 
2.31781 
2.3182 
2.31855 
2.31857 
2.31845 
2.31461 
2.31434 
2.31504 
2.31464 
2.31458 
2.31534 
2.31602 
2.31706 
2.317 
2.31831 
2.31818 
2.31838 
2.31916 
2.32019 
2.32169 
2.32159 
2.32153 
2.3226 
2.32283 
2.32338 
2.32305 
2.32243 
2.32291 
2.32373 
2.27871 
2.27905 
2.28118 
2.28007 
2.28174 
2.28073 
2.28221 
2.28316 
2.28338 
2.2848 
2.28389 
2.28457 
2.28442 
2.31143 
2.3122 
2.31098 
2.31113 
2.31139 
2.31235 
2.31378 
2.31342 
2.31396 
2.31395 
2.3137 
2.31497 
2.32205 
2.32368 
2.32364 
2.32456 
2.32428 
2.32417 
2.32485 
2.32618 
2.32684 
2.32622 
2.32678 
2.32743 
2.39959 
2.40141 
2.40075 
2.40042 
2.40118 
2.40194 
2.40188 
2.40236 
2.40205 
2.40188 
2.40354 
2.40325 
2.35096 
2.35156 
2.35119 
2.35211 
2.35161 
2.35296 
2.35322 
2.35392 
2.35448 
2.3549 
2.35534 
2.35499 
2.31989 
2.31983 
2.32104 
2.32193 
2.32195 
2.3222 
2.32254 
2.32306 
2.32341 
2.32331 
2.32368 
2.32445 
2.35718 
2.3569 
2.35689 
2.35811 
2.35825 
2.35887 
2.35909 
2.35966 
2.35971 
2.36008 
2.36082 
2.36037 
2.38853 
2.38884 
2.38891 
2.39075 
2.39036 
2.3914 
2.39086 
2.39161 
2.39203 
2.39218 
2.39343 
2.39321 
2.35347 
2.35349 
2.35352 
2.35421 
2.35391 
2.35543 
2.35553 
2.35597 
2.35742 
2.35838 
2.35827 
2.35837 
2.35325 
2.35279 
2.3542 
2.35469 
2.35525 
2.35641 
2.35617 
2.35671 
2.35642 
2.35638 
2.35798 
2.35789 
2.39019 
2.39079 
2.39109 
2.39116 
2.39073 
2.39207 
2.39164 
2.3924 
2.39258 
2.39319 
2.39392 
2.39366 
2.37709 
2.37666 
2.37739 
2.37804 
2.37809 
2.38023 
2.37983 
2.38091 
2.38028 
2.38074 
2.38127 
2.38117 
2.38286 
2.38304 
2.38379 
2.38377 
2.38332 
2.3831 
2.38326 
2.38334 
2.3835 
2.38655 
2.38628 
2.38737 
2.37302 
2.37294 
2.37394 
2.37362 
2.3746 
2.37527 
2.37498 
2.37631 
2.37568 
2.37613 
2.37604 
2.37638 
2.37544 
2.37509 
2.37638 
2.37696 
2.3775 
